  File: /data/mephi-web
  Size: 4096      	Blocks: 8          IO Block: 4096   directory
Device: 253,17	Inode: 2           Links: 3
Access: (2775/drwxrwsr-x)  Uid: ( 5506/mephi-admin)   Gid: ( 5507/mephi-devs)
Context: system_u:object_r:httpd_sys_content_t:s0
Access: 2026-04-05 23:59:11.366930146 +0300
Modify: 2026-04-06 00:20:34.826964305 +0300
Change: 2026-04-06 00:20:34.826964305 +0300
 Birth: 2026-04-05 23:28:55.000000000 +0300
